1735973322078 0.2565618347343843 0
1735973326936 0.4344448022863389 1
1735973332070 0.5599635238326315 2
1735973337488 0.6152156680080143 3
1735973342709 0.6256048380930157 4
1735973347784 0.6451602606480981 5
1735973352961 0.6630726959310778 6
1735973357655 0.6594550372101367 7
1735973362982 0.6728731292445446 8
1735973368182 0.679015397769399 9
1735973373034 0.6823373421211727 10
1735973378372 0.7065912831574679 11
1735973383518 0.7098081530071795 12
1735973388950 0.7293266043066978 13
1735973393831 0.7407108966261149 14
1735973398443 0.7453502647578716 15
1735973403829 0.7934321463108063 16
1735973409136 0.8210503667593002 17
1735973414314 0.84305290132761 18
1735973419630 0.8270105063915253 19
1735973424386 0.7816842004656792 20
1735973429214 0.8264097958803177 21
1735973433894 0.8310967653989791 22
1735973438708 0.8462335541844368 23
1735973443931 0.8586941361427307 24
1735973449276 0.8637245327234269 25
1735973454094 0.8569231867790222 26
1735973459312 0.8642725855112076 27
1735973464032 0.8574062719941139 28
1735973468736 0.8503853142261505 29
1735973473445 0.8569176495075226 30
1735973478731 0.8684419259428978 31
1735973483869 0.8729414954781533 32
1735973489161 0.8800530388951302 33
1735973493957 0.8784880846738815 34
1735973499063 0.8821783304214478 35
1735973504217 0.8855831354856492 36
1735973509365 0.8890137538313866 37
1735973514660 0.8896782398223877 38
1735973519753 0.8901764199137687 39
1735973524694 0.890443341434002 40
1735973529820 0.8924510791897774 41
1735973534491 0.8927434250712395 42
1735973539314 0.8947120383381844 43
1735973544109 0.8947679102420807 44
1735973548956 0.8875723347067833 45
1735973553724 0.8691176623106003 46
1735973558395 0.8806347399950027 47
1735973563199 0.888775035738945 48
1735973567977 0.8946227833628655 49
1735973572930 0.8968108087778092 50
1735973577680 0.8979359671473504 51
1735973582523 0.8959910988807678 52
1735973587411 0.8986172407865525 53
1735973592435 0.9013426065444946 54
1735973597473 0.9051728025078773 55
1735973602026 0.9060631722211838 56
1735973607059 0.9080191239714622 57
1735973612184 0.9047968029975891 58
1735973617278 0.9056089386343956 59
1735973621886 0.9059424921870232 60
1735973627135 0.9089515998959541 61
1735973631816 0.9109254658222199 62
1735973636831 0.9118239313364029 63
1735973641969 0.9128245428204537 64
1735973647054 0.9123024597764016 65
1735973652162 0.9127498835325241 66
1735973657251 0.912836630642414 67
1735973661929 0.9130237489938736 68
1735973666969 0.9162933140993118 69
1735973672253 0.9157107040286064 70
1735973677396 0.9157354474067688 71
1735973682176 0.9172552913427353 72
1735973686986 0.9187848269939423 73
1735973691663 0.9189894616603851 74
1735973696493 0.9170002818107605 75
1735973701253 0.9183626770973206 76
1735973706508 0.9199009612202644 77
1735973711329 0.9200997963547707 78
1735973716071 0.9203246846795082 79
1735973720879 0.9181683272123337 80
1735973725682 0.91765878200531 81
1735973730614 0.9204530864953995 82
1735973735200 0.9229077324271202 83
1735973739858 0.9240246146917344 84
1735973744876 0.9238391846418381 85
1735973749565 0.9234574168920517 86
1735973754196 0.9217589229345322 87
1735973759081 0.9218851625919342 88
1735973763834 0.9206808894872666 89
1735973768556 0.9185656666755676 90
1735973773073 0.9233127608895302 91
1735973777726 0.9229533329606057 92
1735973782820 0.9259776532649994 93
1735973787420 0.9275521263480186 94
1735973792042 0.924803550541401 95
1735973796751 0.9273084744811058 96
1735973801276 0.9271090239286423 97
1735973806306 0.9294177383184433 98
1735973811208 0.928192013502121 99
1735973816417 0.9292423769831657 100
1735973821124 0.9286231577396393 101
1735973825933 0.9290947929024697 102
1735973831323 0.9300781086087226 103
1735973836177 0.9302986845374107 104
1735973840948 0.9302940994501114 105
1735973845817 0.9317095160484314 106
1735973851032 0.9330005705356598 107
1735973856324 0.9329548314213753 108
1735973861080 0.9323117956519127 109
1735973866114 0.93286342471838 110
1735973871083 0.9327815368771553 111
1735973875941 0.9335922807455063 112
1735973880942 0.9318356350064277 113
1735973886285 0.9336880773305893 114
1735973891071 0.9350370094180107 115
1735973895888 0.9350112110376358 116
1735973901111 0.9357489809393883 117
1735973905710 0.9357386201620101 118
1735973910295 0.9353661522269249 119
1735973914976 0.9367859929800033 120
1735973920002 0.936607475578785 121
1735973924668 0.9364726230502128 122
1735973929264 0.9368866875767707 123
1735973933990 0.9357536047697067 124
1735973938552 0.9353799790143966 125
1735973943289 0.9357153981924057 126
1735973947875 0.934115432202816 127
1735973952602 0.9351859718561173 128
1735973957369 0.9366600960493088 129
1735973962129 0.936987729370594 130
1735973966686 0.9371650755405426 131
1735973971247 0.9359492421150207 132
1735973975944 0.9369593888521195 133
1735973980738 0.9376250922679901 134
1735973985360 0.9382935747504234 135
1735973990101 0.9386792108416557 136
1735973994977 0.9374079138040543 137
1735973999572 0.9376111507415772 138
1735974004607 0.9388776138424874 139
1735974009284 0.9391782969236374 140
1735974014475 0.9403602406382561 141
1735974019213 0.9392422452569008 142
1735974024169 0.9400082901120186 143
1735974028814 0.9404745250940323 144
1735974033990 0.9403386771678924 145
1735974038739 0.9411050722002983 146
1735974043457 0.9408171758055687 147
1735974048048 0.9416896954178811 148
1735974052824 0.9416784629225731 149
1735974057465 0.9416156351566315 150
1735974062250 0.9406894117593765 151
1735974066947 0.9398026645183564 152
1735974071707 0.9397614106535912 153
1735974076457 0.9414846807718277 154
1735974081419 0.9416860923171043 155
1735974086069 0.941789624094963 156
1735974090720 0.9424692898988724 157
1735974095382 0.9423826932907104 158
1735974100098 0.9407968327403069 159
1735974104794 0.9402444496750831 160
1735974109451 0.9413011252880097 161
1735974114188 0.9429982528090477 162
1735974118739 0.9433728188276291 163
1735974123297 0.9440718650817871 164
1735974128105 0.944084994494915 165
1735974133007 0.9438841089606285 166
1735974137842 0.9439640939235687 167
1735974142749 0.9440977081656456 168
1735974147407 0.9440283656120301 169
1735974151951 0.9445293843746185 170
1735974156563 0.9435418829321861 171
1735974161283 0.9418110176920891 172
1735974165979 0.9421529904007911 173
1735974170602 0.9430764555931092 174
1735974175400 0.9434154540300369 175
1735974180141 0.9436649948358535 176
1735974184873 0.9443807512521744 177
1735974189915 0.9454344168305397 178
1735974194739 0.945378701388836 179
1735974199397 0.945899349451065 180
1735974204164 0.9460639089345932 181
1735974208930 0.9458561941981316 182
1735974213549 0.9461366266012192 183
1735974218392 0.9453741043806076 184
1735974223102 0.9454740524291992 185
1735974227837 0.9455535307526588 186
1735974232683 0.9446579411625862 187
1735974237335 0.9456743821501732 188
1735974242030 0.9455478236079216 189
1735974246975 0.9466913357377053 190
1735974251752 0.9466072499752045 191
1735974256651 0.947206412255764 192
1735974261675 0.9467456087470054 193
1735974266509 0.9468783885240555 194
1735974271298 0.947102178633213 195
1735974276056 0.947506059706211 196
1735974280990 0.9474656492471695 197
1735974285678 0.9477610111236572 198
1735974290483 0.9475259020924568 199
1735974295354 0.9472516670823097 200
1735974299947 0.9477093905210495 201
1735974304639 0.9474677443504333 202
1735974309357 0.9474603950977325 203
1735974314394 0.9481069669127464 204
1735974319138 0.9483155563473702 205
1735974323807 0.9479469805955887 206
1735974328426 0.9479961007833481 207
1735974333188 0.9479645743966103 208
1735974338057 0.9482484042644501 209
1735974342818 0.9478998258709908 210
1735974347508 0.9481228426098823 211
1735974352249 0.9484706699848175 212
1735974356965 0.9482557460665703 213
1735974361728 0.9485111117362977 214
1735974366570 0.9485714450478554 215
1735974371167 0.9489836603403091 216
1735974375865 0.9486293002963067 217
1735974380571 0.948575283586979 218
1735974385708 0.9484801143407822 219
1735974390303 0.9484247073531151 220
1735974395053 0.949098864197731 221
1735974400053 0.9488623693585396 222
1735974404816 0.9491135269403458 223
1735974409457 0.9489504233002662 224
1735974414508 0.9490826845169067 225
1735974419181 0.9493087694048882 226
1735974423981 0.9492646813392639 227
1735974428921 0.949363224208355 228
1735974433728 0.9490535974502563 229
1735974438523 0.9494075074791908 230
1735974443344 0.9495174512267113 231
1735974448167 0.949722808599472 232
1735974452945 0.9498314321041107 233
1735974457592 0.9496268436312676 234
1735974462428 0.9495772808790207 235
1735974466914 0.9496796518564224 236
1735974471787 0.9494773805141449 237
1735974476548 0.9498139396309853 238
1735974481078 0.9498558968305588 239
1735974485912 0.9499398067593574 240
1735974490658 0.9499921351671219 241
1735974495246 0.9496421486139297 242
1735974499898 0.9499204531311989 243
1735974504831 0.9498888567090035 244
1735974509532 0.9501436367630959 245
1735974514191 0.9498214021325111 246
1735974518816 0.9499862805008888 247
1735974523400 0.9499436646699906 248
1735974528092 0.9499274462461471 249
1735974532760 0.9500468119978904 250
1735974537533 0.9500214636325837 251
1735974542281 0.950069659948349 252
1735974547232 0.9501964539289475 253
1735974551956 0.9500800803303718 254
1735974556742 0.9503122508525849 255
1735974561652 0.9503920674324036 256
1735974566443 0.9503586903214455 257
1735974571125 0.9501804083585739 258
1735974576037 0.9503142416477204 259
1735974580934 0.9503119617700577 260
1735974585699 0.9501985788345337 261
1735974590409 0.950381787121296 262
1735974595229 0.9503551468253135 263
1735974600203 0.9502963542938232 264
1735974605255 0.9502492010593414 265
1735974610231 0.9503665491938591 266
1735974614943 0.9506011873483657 267
1735974619676 0.9503984242677689 268
1735974624267 0.9506156265735626 269
1735974628966 0.9505255654454231 270
1735974633693 0.9503200948238373 271
1735974638582 0.9503699138760566 272
1735974643299 0.9502679228782653 273
1735974647881 0.9504928916692734 274
1735974652843 0.9504441052675248 275
1735974657634 0.9505176976323128 276
1735974662591 0.9505938544869423 277
1735974667388 0.9506262555718422 278
