1735973322077 0.44617582857608795 0
1735973326933 0.39215442538261414 1
1735973332069 0.3513020068407059 2
1735973337486 0.3168702393770218 3
1735973342708 0.29060603976249694 4
1735973347783 0.2650528967380524 5
1735973352960 0.2441906988620758 6
1735973357653 0.23250824064016343 7
1735973362980 0.2193252995610237 8
1735973368181 0.21174175441265106 9
1735973373033 0.20701896101236344 10
1735973378371 0.19778520613908768 11
1735973383516 0.19432709068059922 12
1735973388949 0.18427322059869766 13
1735973393830 0.1787046492099762 14
1735973398442 0.17371973097324372 15
1735973403828 0.16235800832509995 16
1735973409135 0.14745791479945183 17
1735973414313 0.12779862359166144 18
1735973419628 0.12653660401701927 19
1735973424384 0.14249293506145477 20
1735973429213 0.1224082887172699 21
1735973433892 0.1159329004585743 22
1735973438707 0.1055195115506649 23
1735973443929 0.09698868989944458 24
1735973449275 0.09294704124331474 25
1735973454093 0.09481619074940681 26
1735973459310 0.08951793909072876 27
1735973464031 0.0946817122399807 28
1735973468735 0.0940008781850338 29
1735973473444 0.0904946744441986 30
1735973478729 0.0838959775865078 31
1735973483868 0.08156554251909257 32
1735973489160 0.07693619877099991 33
1735973493955 0.07745138704776763 34
1735973499062 0.07539124116301536 35
1735973504215 0.07306079640984535 36
1735973509363 0.07137954235076904 37
1735973514659 0.07006219625473023 38
1735973519751 0.0701667383313179 39
1735973524692 0.06951802410185337 40
1735973529819 0.0684680163860321 41
1735973534490 0.0678751353174448 42
1735973539313 0.06684306673705578 43
1735973544108 0.06651689559221267 44
1735973548952 0.07005123794078827 45
1735973553723 0.08086068108677864 46
1735973558394 0.07418466359376907 47
1735973563198 0.069974634796381 48
1735973567976 0.06664767563343048 49
1735973572928 0.06498094424605369 50
1735973577679 0.06416846886277199 51
1735973582522 0.06525151543319226 52
1735973587410 0.06330271847546101 53
1735973592434 0.061665866151452066 54
1735973597472 0.059343614429235456 55
1735973602025 0.05859976746141911 56
1735973607057 0.05751539207994938 57
1735973612183 0.05930221267044544 58
1735973617277 0.058686406910419465 59
1735973621885 0.05854734107851982 60
1735973627133 0.056532663851976396 61
1735973631813 0.05548353083431721 62
1735973636830 0.05481503121554852 63
1735973641967 0.05436925888061524 64
1735973647053 0.0545000396668911 65
1735973652161 0.05434621684253216 66
1735973657249 0.05403717160224915 67
1735973661928 0.05399213433265686 68
1735973666968 0.05200650580227375 69
1735973672252 0.05223984308540821 70
1735973677394 0.05223470106720925 71
1735973682175 0.05132821351289749 72
1735973686985 0.050282156094908714 73
1735973691662 0.050426064804196355 74
1735973696492 0.05115824528038502 75
1735973701252 0.05061349458992481 76
1735973706507 0.04957650899887085 77
1735973711328 0.04940161220729351 78
1735973716070 0.04925592467188835 79
1735973720877 0.050424667075276375 80
1735973725681 0.05074506029486656 81
1735973730613 0.04901319704949856 82
1735973735199 0.04779553599655628 83
1735973739857 0.046909230574965474 84
1735973744875 0.04711941890418529 85
1735973749564 0.04716988168656826 86
1735973754195 0.04806191958487034 87
1735973759080 0.04809562563896179 88
1735973763832 0.048696310445666316 89
1735973768555 0.05010661371052265 90
1735973773072 0.04747248440980911 91
1735973777724 0.047282532602548596 92
1735973782819 0.045657570287585256 93
1735973787419 0.044772959500551227 94
1735973792041 0.046090179681777955 95
1735973796750 0.04502522721886635 96
1735973801275 0.044709119200706485 97
1735973806304 0.04368944726884365 98
1735973811207 0.044190888479352 99
1735973816416 0.04354495741426945 100
1735973821123 0.04415532983839512 101
1735973825932 0.04370333887636661 102
1735973831321 0.042992910370230675 103
1735973836176 0.04285902716219425 104
1735973840947 0.04291382282972336 105
1735973845816 0.04190220385789871 106
1735973851030 0.04131309576332569 107
1735973856323 0.04136719815433025 108
1735973861078 0.04170050211250782 109
1735973866112 0.04131908677518368 110
1735973871082 0.041189012676477434 111
1735973875940 0.04092261418700218 112
1735973880940 0.04174640066921711 113
1735973886284 0.0406516645103693 114
1735973891069 0.04002296105027199 115
1735973895887 0.03985643982887268 116
1735973901110 0.039578667655587194 117
1735973905709 0.039582394436001776 118
1735973910294 0.03963785730302334 119
1735973914975 0.03899462968111038 120
1735973920001 0.03896451517939568 121
1735973924667 0.03924821354448795 122
1735973929261 0.038748045638203624 123
1735973933989 0.03945501819252968 124
1735973938551 0.039601755887269975 125
1735973943288 0.039604286476969716 126
1735973947874 0.040444130823016164 127
1735973952601 0.03988620415329933 128
1735973957367 0.03898308463394642 129
1735973962128 0.03860930576920509 130
1735973966685 0.038531115278601646 131
1735973971246 0.0393259983509779 132
1735973975943 0.038529489561915396 133
1735973980737 0.03829837068915367 134
1735973985359 0.03788347728550434 135
1735973990100 0.03773029819130898 136
1735973994976 0.03828134052455425 137
1735973999571 0.038323964923620224 138
1735974004605 0.037540664151310923 139
1735974009283 0.03724276423454285 140
1735974014474 0.03656401410698891 141
1735974019212 0.037300162762403485 142
1735974024168 0.03673503026366234 143
1735974028812 0.03649870753288269 144
1735974033989 0.03652623072266579 145
1735974038738 0.036393211036920545 146
1735974043456 0.036294236034154895 147
1735974048047 0.03581374920904636 148
1735974052823 0.035871364548802374 149
1735974057464 0.03570825718343258 150
1735974062248 0.0363855391740799 151
1735974066946 0.036840274930000305 152
1735974071706 0.03680134601891041 153
1735974076455 0.03589336611330509 154
1735974081418 0.03572752922773361 155
1735974086068 0.03563622310757637 156
1735974090719 0.035297855734825134 157
1735974095380 0.03524409979581833 158
1735974100096 0.03611310049891472 159
1735974104792 0.03657434582710266 160
1735974109450 0.035775774344801906 161
1735974114187 0.03504727594554424 162
1735974118738 0.03464028835296631 163
1735974123294 0.03450247384607792 164
1735974128104 0.03427726440131664 165
1735974133006 0.03449353519827127 166
1735974137841 0.03433800805360079 167
1735974142746 0.03432079069316387 168
1735974147405 0.034261133335530755 169
1735974151950 0.03405315969139337 170
1735974156562 0.03459567278623581 171
1735974161282 0.03583507761359215 172
1735974165977 0.03524470888078213 173
1735974170601 0.034770129807293416 174
1735974175398 0.03463098909705877 175
1735974180140 0.03448583222925663 176
1735974184871 0.03399123232811689 177
1735974189914 0.03344369605183602 178
1735974194738 0.03349354192614555 179
1735974199396 0.033188476040959355 180
1735974204163 0.03307072184979916 181
1735974208928 0.033138998225331305 182
1735974213548 0.033119055442512035 183
1735974218390 0.033429548516869544 184
1735974223101 0.03332298006862402 185
1735974227836 0.033520229533314704 186
1735974232681 0.03374215196818113 187
1735974237333 0.03338791746646166 188
1735974242028 0.033332630060613155 189
1735974246974 0.032728989236056806 190
1735974251751 0.0327368687838316 191
1735974256650 0.03239821083843708 192
1735974261673 0.03257058188319206 193
1735974266508 0.032640411891043185 194
1735974271283 0.032435573637485504 195
1735974276055 0.03220835458487272 196
1735974280988 0.0322589211165905 197
1735974285676 0.032102720066905024 198
1735974290482 0.03218824826180935 199
1735974295353 0.03226251788437366 200
1735974299945 0.03211697284132242 201
1735974304637 0.03212018348276615 202
1735974309356 0.0321723910048604 203
1735974314392 0.03189550600945949 204
1735974319137 0.03179112356156111 205
1735974323806 0.03188256584107876 206
1735974328424 0.03190485518425703 207
1735974333187 0.03193961139768362 208
1735974338055 0.03173270002007485 209
1735974342817 0.03191259540617466 210
1735974347507 0.031812931224703786 211
1735974352248 0.031568493507802484 212
1735974356964 0.03167411144822836 213
1735974361727 0.031571208499372005 214
1735974366569 0.03150608353316784 215
1735974371166 0.03135359473526478 216
1735974375864 0.031499114260077475 217
1735974380570 0.03149080015718937 218
1735974385707 0.03157030493021011 219
1735974390301 0.0315506162121892 220
1735974395052 0.03125883173197508 221
1735974400051 0.031349079497158525 222
1735974404815 0.03119529616087675 223
1735974409455 0.031309069506824015 224
1735974414507 0.03112286552786827 225
1735974419179 0.031150680594146253 226
1735974423980 0.031063084304332734 227
1735974428920 0.031139271892607213 228
1735974433727 0.03121098820120096 229
1735974438522 0.030967418663203718 230
1735974443343 0.03102652486413717 231
1735974448166 0.030843287706375122 232
1735974452944 0.030789953470230103 233
1735974457591 0.030937471985816957 234
1735974462426 0.030905797518789767 235
1735974466913 0.030899813771247862 236
1735974471785 0.03091712314635515 237
1735974476546 0.030767297931015493 238
1735974481077 0.03069524671882391 239
1735974485911 0.030700631998479368 240
1735974490657 0.030690047331154345 241
1735974495245 0.03082861639559269 242
1735974499897 0.03078339509665966 243
1735974504830 0.030696049332618713 244
1735974509531 0.03057511430233717 245
1735974514190 0.0307057099416852 246
1735974518815 0.03062741309404373 247
1735974523399 0.030675275065004826 248
1735974528091 0.03066846411675215 249
1735974532758 0.030606074444949626 250
1735974537532 0.0306663416326046 251
1735974542280 0.030639126524329187 252
1735974547230 0.030525099858641623 253
1735974551954 0.030611399188637735 254
1735974556741 0.03054574392735958 255
1735974561651 0.030396705493330956 256
1735974566441 0.0304458761587739 257
1735974571124 0.030516656301915645 258
1735974576036 0.030521984584629534 259
1735974580933 0.03048162292689085 260
1735974585697 0.03048010393977165 261
1735974590406 0.030405016243457796 262
1735974595228 0.03045184165239334 263
1735974600201 0.030491858534514905 264
1735974605253 0.030520677007734774 265
1735974610229 0.03043680787086487 266
1735974614941 0.030327023565769197 267
1735974619675 0.030370260775089263 268
1735974624266 0.030362229235470294 269
1735974628965 0.030358295887708664 270
1735974633691 0.030418471619486808 271
1735974638581 0.03044206351041794 272
1735974643298 0.03043052479624748 273
1735974647879 0.030348432809114458 274
1735974652842 0.03038105331361294 275
1735974657633 0.03033162299543619 276
1735974662590 0.03027386087924242 277
1735974667387 0.03032760415226221 278
